11111111
22222222
33333333
44444444
55555555
66666666
77777777
88888888
99999999
00000000
19501950
19511951
19521952
19531953
19541954
19551955
19561956
19571957
19581958
19591959
19601960
19611961
19621962
19631963
19641964
19651965
19661966
19671967
19681968
19691969
19701970
19711971
19721972
19731973
19741974
19751975
19761976
19771977
19781978
19791979
19801980
19811981
19821982
19831983
19841984
19851985
19861986
19871987
19881988
19891989
19901990
19911991
19921992
19931993
19941994
19951995
19961996
19971997
19981998
19991999
20002000
20012001
20022002
20032003
20042004
20052005
20062006
20072007
20082008
20092009
20102010
20112011
20122012
20132013
20142014
20152015
20162016
20172017
20182018
20192019
20202020
20212021
20222022
20232023
20242024
20252025
20262026
00001111
00002222
00003333
00004444
00005555
00006666
00007777
00008888
00009999
11110000
11112222
11113333
11114444
11115555
11116666
11117777
11118888
11119999
22220000
22221111
22223333
22224444
22225555
22226666
22227777
22228888
22229999
33330000
33331111
33332222
33334444
33335555
33336666
33337777
33338888
33339999
44440000
44441111
44442222
44443333
44445555
44446666
44447777
44448888
44449999
55550000
55551111
55552222
55553333
55554444
55556666
55557777
55558888
55559999
66660000
66661111
66662222
66663333
66664444
66665555
66667777
66668888
66669999
77770000
77771111
77772222
77773333
77774444
77775555
77776666
77778888
77779999
88880000
88881111
88882222
88883333
88884444
88885555
88886666
88887777
88889999
99990000
99991111
99992222
99993333
99994444
99995555
99996666
99997777
99998888
01010101
02020202
03030303
04040404
05050505
06060606
07070707
08080808
09090909
10101010
12121212
13131313
14141414
15151515
16161616
17171717
18181818
19191919
21212121
23232323
24242424
25252525
26262626
27272727
28282828
29292929
30303030
31313131
32323232
34343434
35353535
36363636
37373737
38383838
39393939
40404040
41414141
42424242
43434343
45454545
46464646
47474747
48484848
49494949
50505050
51515151
52525252
53535353
54545454
56565656
57575757
58585858
59595959
60606060
61616161
62626262
63636363
64646464
65656565
67676767
68686868
69696969
70707070
71717171
72727272
73737373
74747474
75757575
76767676
78787878
79797979
80808080
81818181
82828282
83838383
84848484
85858585
86868686
87878787
89898989
90909090
91919191
92929292
93939393
94949494
95959595
96969696
97979797
98989898
10000001
10011001
10022001
10033001
10044001
10055001
10066001
10077001
10088001
10099001
10100101
10111101
10122101
10133101
10144101
10155101
10166101
10177101
10188101
10199101
10200201
10211201
10222201
10233201
10244201
10255201
10266201
10277201
10288201
10299201
20000002
20011002
20033002
20044002
20055002
20066002
20077002
20088002
20099002
30000003
30011003
30022003
30033003
30044003
30055003
30066003
30077003
30088003
30099003
40000004
40011004
40022004
40033004
40044004
40055004
40066004
40077004
40088004
40099004
50000005
50011005
50022005
50033005
50044005
50055005
50066005
50077005
50088005
50099005
60000006
60011006
60022006
60033006
60044006
60055006
60066006
60077006
60088006
60099006
70000007
70011007
70022007
70033007
70044007
70055007
70066007
70077007
70088007
70099007
80000008
80011008
80022008
80033008
80044008
80055008
80066008
80077008
80088008
80099008
90000009
90011009
90022009
90033009
90044009
90055009
90066009
90077009
90088009
90099009
12344321
23455432
34566543
45677654
56788765
67899876
01230123
12341234
23452345
34563456
45674567
56785678
67896789
78907890
32103210
43214321
54325432
65436543
76547654
87658765
98769876
00112233
11223344
22334455
33445566
44556677
55667788
66778899
33221100
44332211
55443322
66554433
77665544
88776655
99887766
00110011
11001100
11221122
22112211
22332233
33223322
33443344
44334433
44554455
55445544
55665566
66556655
66776677
77667766
77887788
88778877
88998899
99889988
11991199
99119911
01100110
12211221
21122112
23322332
32233223
34433443
43344334
45544554
54455445
56655665
65566556
67766776
76677667
78877887
87788778
89988998
98899889
10001000
20002000
30003000
40004000
50005000
60006000
70007000
80008000
90009000
00010001
00020002
00030003
00040004
00050005
00060006
00070007
00080008
00090009
12345678
87654321
23456789
98765432
01234567
76543210
qwertyui
asdfghjk
zxcvbnm,
1q2w3e4r
q1w2e3r4
zaq12wsx
xsw23edc
        